18
3 5
4 -1
4 0
10 3
4 10
5 3
2 2
3 6
3 1
1 500
123 456
3 1
1 2
1 3
1 6
4 10
1 -1
2 -2
3 -3
4 -5
100 100001
1000 1
1000 1
1000 1
1000 1
1000 1
1000 1
1000 1
1000 1
1000 1
1000 1
1000 1
1000 1
1000 1
1000 1
1000 1
1000 1
1000 1
1000 1
1000 1
1000 1
1000 1
1000 1
1000 1
1000 1
1000 1
1000 1
1000 1
1000 1
1000 1
1000 1
1000 1
1000 1
1000 1
1000 1
1000 1
1000 1
1000 1
1000 1
1000 1
1000 1
1000 1
1000 1
1000 1
1000 1
1000 1
1000 1
1000 1
1000 1
1000 1
1000 1
1000 1
1000 1
1000 1
1000 1
1000 1
1000 1
1000 1
1000 1
1000 1
1000 1
1000 1
1000 1
1000 1
1000 1
1000 1
1000 1
1000 1
1000 1
1000 1
1000 1
1000 1
1000 1
1000 1
1000 1
1000 1
1000 1
1000 1
1000 1
1000 1
1000 1
1000 1
1000 1
1000 1
1000 1
1000 1
1000 1
1000 1
1000 1
1000 1
1000 1
1000 1
1000 1
1000 1
1000 1
1000 1
1000 1
1000 1
1000 1
1000 1
1000 1
100 99001
1000 999
1000 1
1000 1
1000 1
1000 1
1000 1
1000 1
1000 1
1000 1
1000 1
1000 1
1000 1
1000 1
1000 1
1000 1
1000 1
1000 1
1000 1
1000 1
1000 1
1000 1
1000 1
1000 1
1000 1
1000 1
1000 1
1000 1
1000 1
1000 1
1000 1
1000 1
1000 1
1000 1
1000 1
1000 1
1000 1
1000 1
1000 1
1000 1
1000 1
1000 1
1000 1
1000 1
1000 1
1000 1
1000 1
1000 1
1000 1
1000 1
1000 1
1000 1
1000 1
1000 1
1000 1
1000 1
1000 1
1000 1
1000 1
1000 1
1000 1
1000 1
1000 1
1000 1
1000 1
1000 1
1000 1
1000 1
1000 1
1000 1
1000 1
1000 1
1000 1
1000 1
1000 1
1000 1
1000 1
1000 1
1000 1
1000 1
1000 1
1000 1
1000 1
1000 1
1000 1
1000 1
1000 1
1000 1
1000 1
1000 1
1000 1
1000 1
1000 1
1000 1
1000 1
1000 1
1000 1
1000 1
1000 1
1000 1
1000 1
1000 300
408 -17
943 -93
4 706
172 -343
472 -812
888 -669
507 -655
117 -324
209 -639
370 142
608 192
521 852
460 -269
93 56
821 -671
141 -240
190 574
608 79
681 295
742 123
954 91
194 -854
759 -807
639 593
901 147
877 740
492 216
498 985
884 -202
229 -982
261 -887
166 255
464 893
50 -63
664 -344
276 -957
985 -766
135 381
83 136
143 -135
706 297
442 -267
251 -774
838 80
914 928
680 -733
668 -934
572 -589
981 -517
912 -703
687 346
94 450
951 421
438 -87
143 -900
480 872
774 -443
884 -425
31 330
59 546
918 349
804 -446
43 -204
640 -2
150 3
470 -440
395 -723
520 605
667 570
435 324
939 481
812 517
735 -264
248 -20
146 -74
12 -812
44 463
714 912
66 -260
196 422
627 687
810 -4
225 -338
536 -775
471 -486
626 -62
441 -392
321 -113
961 -128
980 -782
131 887
178 -204
517 -923
968 336
895 -577
631 164
537 740
697 351
422 908
727 228
589 781
844 402
631 -943
620 -758
295 193
74 531
165 782
132 -422
803 -180
714 -101
466 -477
913 -266
637 -713
30 256
477 53
729 679
457 117
193 -833
848 659
42 7
820 93
56 -484
510 -222
566 -350
519 -151
165 -340
626 528
27 -151
827 -864
471 -206
815 870
628 734
102 855
505 483
362 135
891 923
346 -817
317 812
883 80
969 737
200 -746
95 511
417 387
238 935
339 -242
122 -24
67 492
892 374
35 -59
914 -356
102 222
203 642
154 -580
208 -259
409 -954
582 -208
402 247
809 -377
380 178
693 192
121 54
713 821
13 308
750 -738
874 587
566 -821
57 536
765 280
879 -5
189 -209
531 -18
988 -741
440 -793
892 -186
399 -110
576 36
115 -113
788 987
315 -304
414 -72
802 272
770 124
78 218
225 690
274 -120
861 633
673 -493
441 337
317 581
535 -80
435 383
208 -958
212 449
296 -597
205 32
88 -306
655 -546
33 -7
382 -234
222 -673
855 11
152 448
751 -971
405 341
331 -550
839 23
836 358
694 -465
295 -597
689 -824
341 881
9 240
257 780
884 -762
272 655
68 217
199 851
724 494
987 699
984 986
993 -133
932 409
287 -686
775 -432
186 232
978 887
468 -237
630 -408
241 730
898 -764
148 333
866 -346
760 335
541 782
782 454
503 727
652 -657
338 -269
78 770
170 748
820 424
60 -794
956 -855
492 -346
569 -411
600 -59
593 -366
53 531
184 -152
410 -656
603 849
25 -273
342 -666
357 368
224 -833
70 -842
729 159
399 256
338 9
380 -346
674 -169
240 -227
894 540
276 -548
565 822
302 -460
10 599
763 -582
593 -956
302 288
364 841
903 584
569 224
313 905
233 -603
305 868
354 -906
438 280
707 143
463 -237
38 -502
998 -380
426 213
884 918
429 845
313 -145
858 137
846 442
637 780
287 -215
576 805
881 -497
4 258
415 -955
718 -374
47 808
313 -715
106 211
772 -717
806 363
537 193
178 688
923 517
685 303
579 425
132 310
759 642
793 266
358 -91
193 -946
439 719
236 -634
433 841
287 67
78 -325
778 -406
600 -803
618 225
175 -549
721 663
378 -551
25 -493
588 -828
836 6
7 91
670 -353
570 -823
300 -746
165 -785
141 -425
994 130
561 413
403 -14
234 -365
512 697
225 842
623 -766
571 -719
491 188
732 427
44 -503
987 -746
142 -403
805 390
812 715
995 291
528 730
383 -988
293 918
730 37
730 400
972 -992
706 144
1 669
71 -644
480 483
747 -830
410 517
975 88
834 159
125 -256
49 -132
278 -339
488 818
396 -281
261 491
805 357
364 422
597 300
921 793
67 -787
311 632
286 614
797 113
216 -522
223 -127
74 -537
758 179
926 3
791 199
436 232
413 -790
627 -34
308 -654
500 140
12 589
762 -102
348 -773
151 283
403 949
583 27
679 -57
814 988
976 -69
631 -24
679 125
535 736
577 -204
418 -278
395 729
429 363
547 553
109 381
456 -112
141 -469
78 505
519 891
954 875
432 -486
217 -124
178 770
709 838
237 97
882 -378
112 -636
131 739
842 -849
398 230
12 -863
634 172
83 -198
911 -844
119 -959
403 417
27 -633
842 271
110 -518
175 98
442 918
507 -686
165 -88
159 131
751 -381
978 234
343 764
607 -291
548 -271
5 345
866 -350
890 920
282 -659
731 -857
354 -559
413 -875
727 -127
711 -477
393 875
749 -97
237 658
875 -89
150 77
619 350
853 -619
602 -944
33 -57
921 461
980 -122
489 15
932 -251
49 44
350 473
162 849
231 -379
522 -379
690 125
820 -709
189 631
799 164
554 173
251 748
131 335
330 591
335 219
936 -925
733 -712
420 -149
391 -519
438 -354
284 -158
796 537
566 34
790 335
587 -502
302 -720
314 -143
552 -45
833 -367
980 211
310 -829
430 -63
679 -567
903 440
194 -319
51 -425
80 458
442 832
658 -130
982 -192
619 608
454 665
477 30
927 -119
471 635
614 -789
351 63
320 -431
119 -217
478 1
201 -607
21 -438
261 -561
244 -159
786 844
617 938
550 918
302 468
598 579
262 -35
857 -768
638 -305
649 -715
235 169
677 908
652 -544
90 495
981 -596
985 -58
412 855
488 -86
522 976
244 880
341 858
400 -818
220 -216
509 -825
473 449
555 -801
903 -290
79 -352
179 -530
2 -22
623 749
315 -92
669 298
907 920
446 -991
143 -788
176 -826
217 -726
541 813
844 773
819 193
247 -887
300 588
637 -979
991 -117
490 286
702 923
677 696
668 821
397 -909
405 -281
830 86
817 -748
176 -993
142 990
479 -399
828 216
286 -252
876 -744
75 150
674 -797
909 193
550 -613
277 199
926 -707
611 674
36 816
992 33
586 -822
140 -415
461 90
402 752
924 673
938 332
126 -268
319 -948
96 -605
968 140
871 -258
988 666
68 764
120 109
424 -505
1000 -16
361 282
479 -299
670 -80
815 731
868 749
21 827
594 221
324 731
377 721
116 553
991 829
731 908
50 -528
187 -981
818 -453
549 -228
607 -481
319 716
127 -953
307 -154
446 -207
708 916
774 -84
302 91
208 180
998 566
631 -19
434 -329
630 341
540 965
895 145
335 -526
216 -483
495 -937
155 417
329 199
232 -642
412 -395
49 685
547 101
744 -594
15 -20
824 -284
926 690
19 -640
793 -233
346 -363
577 -578
118 132
103 698
942 -158
209 780
221 -725
72 797
949 -191
936 672
945 -705
607 148
122 740
102 -832
972 690
69 -604
898 54
638 836
72 438
270 364
529 781
767 950
875 241
892 -586
547 324
694 916
510 130
405 650
963 -786
576 384
728 235
969 406
491 -476
657 881
450 -519
239 -896
53 -823
722 -35
901 307
88 131
59 485
133 -236
431 -832
934 321
839 -136
483 151
311 441
340 -876
210 35
968 -736
378 -862
853 -427
87 433
143 -653
373 558
255 580
794 -35
322 -466
902 42
526 587
447 -671
897 -863
531 -702
463 -882
541 -180
589 -346
301 -542
894 543
268 929
963 722
211 308
333 636
710 -896
71 -486
132 -407
465 -130
897 -83
754 655
857 -55
86 287
235 922
843 892
948 904
105 359
944 -605
137 -340
995 1
982 38
341 15
811 -297
97 191
474 -381
735 -302
153 529
476 -539
201 876
436 387
26 764
256 992
872 -415
402 985
609 -303
862 -466
980 289
279 345
282 472
556 221
322 540
43 290
186 344
136 969
551 327
425 473
591 388
704 -706
44 477
393 -82
192 -675
810 -878
114 394
797 -593
167 -225
21 -512
968 804
720 -852
580 -935
839 787
78 524
636 373
416 886
55 23
875 -933
346 -299
989 423
383 -673
42 -858
909 -905
906 808
516 -272
513 -550
639 -160
811 -30
967 699
162 -131
781 -757
431 -120
52 -414
49 294
768 581
347 -979
606 622
742 406
888 -278
677 614
722 -800
391 -595
513 728
87 -816
537 -810
177 -309
261 223
579 -318
407 -188
568 -388
416 -357
797 -100
762 -966
424 -665
989 -467
833 -756
923 -369
315 -503
444 -921
996 -414
811 862
961 919
314 -879
127 287
144 -329
810 655
603 -281
408 159
398 821
75 729
722 536
371 759
956 -376
247 -650
506 122
844 -828
555 -251
580 -339
292 -286
945 -283
23 768
912 -665
40 -283
109 -169
939 93
662 -103
846 466
232 71
151 408
710 652
692 -577
432 945
836 928
733 -634
330 74
510 123
518 -62
510 -52
99 -889
240 772
710 292
833 -805
366 -330
634 611
342 573
981 -366
933 917
393 -491
861 -913
957 817
651 482
640 697
52 -174
186 225
81 641
639 -431
465 561
591 -9
200 219
813 -332
364 99
865 -910
588 989
501 512
797 880
101 -974
659 889
775 -793
116 -381
541 329
351 -55
889 -860
963 588
554 -946
345 -929
4 451
911 -158
866 -76
511 -45
395 -695
819 41
806 138
24 -118
615 -394
137 862
90 591
868 -835
927 914
799 210
74 -163
246 -891
185 -652
560 931
876 -395
512 -129
552 -779
140 -388
867 -948
468 238
747 -434
192 428
575 474
885 516
889 420
584 833
967 -235
421 -511
183 -589
113 16
213 -743
1 212
987 57
357 -992
849 -352
245 -878
585 328
162 -197
576 -246
592 -835
150 747
168 -428
510 135
888 900
838 -359
515 -165
19 -48
469 349
61 196
789 510
535 587
585 -111
694 426
654 730
439 8
423 -650
726 -882
566 -544
774 717
532 -88
17 366
81 -145
561 286
266 488
829 -875
121 -172
229 302
180 -279
198 648
922 317
89 -697
290 -52
868 513
767 579
761 967
829 333
378 -944
295 -52
239 -227
589 -28
180 -113
791 268
132 -338
70 427
275 350
395 932
617 -300
763 654
966 -514
507 305
874 -104
46 67
987 756
12 530
108 230
364 -40
634 -920
666 -968
969 322
516 759
367 -18
359 -380
808 -12
714 -870
987 -803
871 646
1000 1
1000 -1000
1000 -1000
1000 -1000
1000 -1000
1000 -1000
1000 -1000
1000 -1000
1000 -1000
1000 -1000
1000 -1000
1000 -1000
1000 -1000
1000 -1000
1000 -1000
1000 -1000
1000 -1000
1000 -1000
1000 -1000
1000 -1000
1000 -1000
1000 -1000
1000 -1000
1000 -1000
1000 -1000
1000 -1000
1000 -1000
1000 -1000
1000 -1000
1000 -1000
1000 -1000
1000 -1000
1000 -1000
1000 -1000
1000 -1000
1000 -1000
1000 -1000
1000 -1000
1000 -1000
1000 -1000
1000 -1000
1000 -1000
1000 -1000
1000 -1000
1000 -1000
1000 -1000
1000 -1000
1000 -1000
1000 -1000
1000 -1000
1000 -1000
1000 -1000
1000 -1000
1000 -1000
1000 -1000
1000 -1000
1000 -1000
1000 -1000
1000 -1000
1000 -1000
1000 -1000
1000 -1000
1000 -1000
1000 -1000
1000 -1000
1000 -1000
1000 -1000
1000 -1000
1000 -1000
1000 -1000
1000 -1000
1000 -1000
1000 -1000
1000 -1000
1000 -1000
1000 -1000
1000 -1000
1000 -1000
1000 -1000
1000 -1000
1000 -1000
1000 -1000
1000 -1000
1000 -1000
1000 -1000
1000 -1000
1000 -1000
1000 -1000
1000 -1000
1000 -1000
1000 -1000
1000 -1000
1000 -1000
1000 -1000
1000 -1000
1000 -1000
1000 -1000
1000 -1000
1000 -1000
1000 -1000
1000 -1000
1000 -1000
1000 -1000
1000 -1000
1000 -1000
1000 -1000
1000 -1000
1000 -1000
1000 -1000
1000 -1000
1000 -1000
1000 -1000
1000 -1000
1000 -1000
1000 -1000
1000 -1000
1000 -1000
1000 -1000
1000 -1000
1000 -1000
1000 -1000
1000 -1000
1000 -1000
1000 -1000
1000 -1000
1000 -1000
1000 -1000
1000 -1000
1000 -1000
1000 -1000
1000 -1000
1000 -1000
1000 -1000
1000 -1000
1000 -1000
1000 -1000
1000 -1000
1000 -1000
1000 -1000
1000 -1000
1000 -1000
1000 -1000
1000 -1000
1000 -1000
1000 -1000
1000 -1000
1000 -1000
1000 -1000
1000 -1000
1000 -1000
1000 -1000
1000 -1000
1000 -1000
1000 -1000
1000 -1000
1000 -1000
1000 -1000
1000 -1000
1000 -1000
1000 -1000
1000 -1000
1000 -1000
1000 -1000
1000 -1000
1000 -1000
1000 -1000
1000 -1000
1000 -1000
1000 -1000
1000 -1000
1000 -1000
1000 -1000
1000 -1000
1000 -1000
1000 -1000
1000 -1000
1000 -1000
1000 -1000
1000 -1000
1000 -1000
1000 -1000
1000 -1000
1000 -1000
1000 -1000
1000 -1000
1000 -1000
1000 -1000
1000 -1000
1000 -1000
1000 -1000
1000 -1000
1000 -1000
1000 -1000
1000 -1000
1000 -1000
1000 -1000
1000 -1000
1000 -1000
1000 -1000
1000 -1000
1000 -1000
1000 -1000
1000 -1000
1000 -1000
1000 -1000
1000 -1000
1000 -1000
1000 -1000
1000 -1000
1000 -1000
1000 -1000
1000 -1000
1000 -1000
1000 -1000
1000 -1000
1000 -1000
1000 -1000
1000 -1000
1000 -1000
1000 -1000
1000 -1000
1000 -1000
1000 -1000
1000 -1000
1000 -1000
1000 -1000
1000 -1000
1000 -1000
1000 -1000
1000 -1000
1000 -1000
1000 -1000
1000 -1000
1000 -1000
1000 -1000
1000 -1000
1000 -1000
1000 -1000
1000 -1000
1000 -1000
1000 -1000
1000 -1000
1000 -1000
1000 -1000
1000 -1000
1000 -1000
1000 -1000
1000 -1000
1000 -1000
1000 -1000
1000 -1000
1000 -1000
1000 -1000
1000 -1000
1000 -1000
1000 -1000
1000 -1000
1000 -1000
1000 -1000
1000 -1000
1000 -1000
1000 -1000
1000 -1000
1000 -1000
1000 -1000
1000 -1000
1000 -1000
1000 -1000
1000 -1000
1000 -1000
1000 -1000
1000 -1000
1000 -1000
1000 -1000
1000 -1000
1000 -1000
1000 -1000
1000 -1000
1000 -1000
1000 -1000
1000 -1000
1000 -1000
1000 -1000
1000 -1000
1000 -1000
1000 -1000
1000 -1000
1000 -1000
1000 -1000
1000 -1000
1000 -1000
1000 -1000
1000 -1000
1000 -1000
1000 -1000
1000 -1000
1000 -1000
1000 -1000
1000 -1000
1000 -1000
1000 -1000
1000 -1000
1000 -1000
1000 -1000
1000 -1000
1000 -1000
1000 -1000
1000 -1000
1000 -1000
1000 -1000
1000 -1000
1000 -1000
1000 -1000
1000 -1000
1000 -1000
1000 -1000
1000 -1000
1000 -1000
1000 -1000
1000 -1000
1000 -1000
1000 -1000
1000 -1000
1000 -1000
1000 -1000
1000 -1000
1000 -1000
1000 -1000
1000 -1000
1000 -1000
1000 -1000
1000 -1000
1000 -1000
1000 -1000
1000 -1000
1000 -1000
1000 -1000
1000 -1000
1000 -1000
1000 -1000
1000 -1000
1000 -1000
1000 -1000
1000 -1000
1000 -1000
1000 -1000
1000 -1000
1000 -1000
1000 -1000
1000 -1000
1000 -1000
1000 -1000
1000 -1000
1000 -1000
1000 -1000
1000 -1000
1000 -1000
1000 -1000
1000 -1000
1000 -1000
1000 -1000
1000 -1000
1000 -1000
1000 -1000
1000 -1000
1000 -1000
1000 -1000
1000 -1000
1000 -1000
1000 -1000
1000 -1000
1000 -1000
1000 -1000
1000 -1000
1000 -1000
1000 -1000
1000 -1000
1000 -1000
1000 -1000
1000 -1000
1000 -1000
1000 -1000
1000 -1000
1000 -1000
1000 -1000
1000 -1000
1000 -1000
1000 -1000
1000 -1000
1000 -1000
1000 -1000
1000 -1000
1000 -1000
1000 -1000
1000 -1000
1000 -1000
1000 -1000
1000 -1000
1000 -1000
1000 -1000
1000 -1000
1000 -1000
1000 -1000
1000 -1000
1000 -1000
1000 -1000
1000 -1000
1000 -1000
1000 -1000
1000 -1000
1000 -1000
1000 -1000
1000 -1000
1000 -1000
1000 -1000
1000 -1000
1000 -1000
1000 -1000
1000 -1000
1000 -1000
1000 -1000
1000 -1000
1000 -1000
1000 -1000
1000 -1000
1000 -1000
1000 -1000
1000 -1000
1000 -1000
1000 -1000
1000 -1000
1000 -1000
1000 -1000
1000 -1000
1000 -1000
1000 -1000
1000 -1000
1000 -1000
1000 -1000
1000 -1000
1000 -1000
1000 -1000
1000 -1000
1000 -1000
1000 -1000
1000 -1000
1000 -1000
1000 -1000
1000 -1000
1000 -1000
1000 -1000
1000 -1000
1000 -1000
1000 -1000
1000 -1000
1000 -1000
1000 -1000
1000 -1000
1000 -1000
1000 -1000
1000 -1000
1000 -1000
1000 -1000
1000 -1000
1000 -1000
1000 -1000
1000 -1000
1000 -1000
1000 -1000
1000 -1000
1000 -1000
1000 -1000
1000 -1000
1000 -1000
1000 -1000
1000 -1000
1000 -1000
1000 -1000
1000 -1000
1000 -1000
1000 -1000
1000 -1000
1000 -1000
1000 -1000
1000 -1000
1000 -1000
1000 -1000
1000 -1000
1000 -1000
1000 -1000
1000 -1000
1000 -1000
1000 -1000
1000 -1000
1000 -1000
1000 -1000
1000 -1000
1000 -1000
1000 -1000
1000 -1000
1000 -1000
1000 -1000
1000 -1000
1000 -1000
1000 -1000
1000 -1000
1000 -1000
1000 -1000
1000 -1000
1000 -1000
1000 -1000
1000 -1000
1000 -1000
1000 -1000
1000 -1000
1000 -1000
1000 -1000
1000 -1000
1000 -1000
1000 -1000
1000 -1000
1000 -1000
1000 -1000
1000 -1000
1000 -1000
1000 -1000
1000 -1000
1000 -1000
1000 -1000
1000 -1000
1000 -1000
1000 -1000
1000 -1000
1000 -1000
1000 -1000
1000 -1000
1000 -1000
1000 -1000
1000 -1000
1000 -1000
1000 -1000
1000 -1000
1000 -1000
1000 -1000
1000 -1000
1000 -1000
1000 -1000
1000 -1000
1000 -1000
1000 -1000
1000 -1000
1000 -1000
1000 -1000
1000 -1000
1000 -1000
1000 -1000
1000 -1000
1000 -1000
1000 -1000
1000 -1000
1000 -1000
1000 -1000
1000 -1000
1000 -1000
1000 -1000
1000 -1000
1000 -1000
1000 -1000
1000 -1000
1000 -1000
1000 -1000
1000 -1000
1000 -1000
1000 -1000
1000 -1000
1000 -1000
1000 -1000
1000 -1000
1000 -1000
1000 -1000
1000 -1000
1000 -1000
1000 -1000
1000 -1000
1000 -1000
1000 -1000
1000 -1000
1000 -1000
1000 -1000
1000 -1000
1000 -1000
1000 -1000
1000 -1000
1000 -1000
1000 -1000
1000 -1000
1000 -1000
1000 -1000
1000 -1000
1000 -1000
1000 -1000
1000 -1000
1000 -1000
1000 -1000
1000 -1000
1000 -1000
1000 -1000
1000 -1000
1000 -1000
1000 -1000
1000 -1000
1000 -1000
1000 -1000
1000 -1000
1000 -1000
1000 -1000
1000 -1000
1000 -1000
1000 -1000
1000 -1000
1000 -1000
1000 -1000
1000 -1000
1000 -1000
1000 -1000
1000 -1000
1000 -1000
1000 -1000
1000 -1000
1000 -1000
1000 -1000
1000 -1000
1000 -1000
1000 -1000
1000 -1000
1000 -1000
1000 -1000
1000 -1000
1000 -1000
1000 -1000
1000 -1000
1000 -1000
1000 -1000
1000 -1000
1000 -1000
1000 -1000
1000 -1000
1000 -1000
1000 -1000
1000 -1000
1000 -1000
1000 -1000
1000 -1000
1000 -1000
1000 -1000
1000 -1000
1000 -1000
1000 -1000
1000 -1000
1000 -1000
1000 -1000
1000 -1000
1000 -1000
1000 -1000
1000 -1000
1000 -1000
1000 -1000
1000 -1000
1000 -1000
1000 -1000
1000 -1000
1000 -1000
1000 -1000
1000 -1000
1000 -1000
1000 -1000
1000 -1000
1000 -1000
1000 -1000
1000 -1000
1000 -1000
1000 -1000
1000 -1000
1000 -1000
1000 -1000
1000 -1000
1000 -1000
1000 -1000
1000 -1000
1000 -1000
1000 -1000
1000 -1000
1000 -1000
1000 -1000
1000 -1000
1000 -1000
1000 -1000
1000 -1000
1000 -1000
1000 -1000
1000 -1000
1000 -1000
1000 -1000
1000 -1000
1000 -1000
1000 -1000
1000 -1000
1000 -1000
1000 -1000
1000 -1000
1000 -1000
1000 -1000
1000 -1000
1000 -1000
1000 -1000
1000 -1000
1000 -1000
1000 -1000
1000 -1000
1000 -1000
1000 -1000
1000 -1000
1000 -1000
1000 -1000
1000 -1000
1000 -1000
1000 -1000
1000 -1000
1000 -1000
1000 -1000
1000 -1000
1000 -1000
1000 -1000
1000 -1000
1000 -1000
1000 -1000
1000 -1000
1000 -1000
1000 -1000
1000 -1000
1000 -1000
1000 -1000
1000 -1000
1000 -1000
1000 -1000
1000 -1000
1000 -1000
1000 -1000
1000 -1000
1000 -1000
1000 -1000
1000 -1000
1000 -1000
1000 -1000
1000 -1000
1000 -1000
1000 -1000
1000 -1000
1000 -1000
1000 -1000
1000 -1000
1000 -1000
1000 -1000
1000 -1000
1000 -1000
1000 -1000
1000 -1000
1000 -1000
1000 -1000
1000 -1000
1000 -1000
1000 -1000
1000 -1000
1000 -1000
1000 -1000
1000 -1000
1000 -1000
1000 -1000
1000 -1000
1000 -1000
1000 -1000
1000 -1000
1000 -1000
1000 -1000
1000 -1000
1000 -1000
1000 -1000
1000 -1000
1000 -1000
1000 -1000
1000 -1000
1000 -1000
1000 -1000
1000 -1000
1000 -1000
1000 -1000
1000 -1000
1000 -1000
1000 -1000
1000 -1000
1000 -1000
1000 -1000
1000 -1000
1000 -1000
1000 -1000
1000 -1000
1000 -1000
1000 -1000
1000 -1000
1000 -1000
1000 -1000
1000 -1000
1000 -1000
1000 -1000
1000 -1000
1000 -1000
1000 -1000
1000 -1000
1000 -1000
1000 -1000
1000 -1000
1000 -1000
1000 -1000
1000 -1000
1000 -1000
1000 -1000
1000 -1000
1000 -1000
1000 -1000
1000 -1000
1000 -1000
1000 -1000
1000 -1000
1000 -1000
1000 -1000
1000 -1000
1000 -1000
1000 -1000
1000 -1000
1000 -1000
1000 -1000
1000 -1000
1000 -1000
1000 -1000
1000 -1000
1000 -1000
1000 -1000
1000 -1000
1000 -1000
1000 -1000
1000 -1000
1000 -1000
1000 -1000
1000 -1000
1000 -1000
1000 -1000
1000 -1000
1000 -1000
1000 -1000
1000 -1000
1000 -1000
1000 -1000
1000 -1000
1000 -1000
1000 -1000
1000 -1000
1000 -1000
1000 -1000
1000 -1000
1000 -1000
1000 -1000
1000 -1000
1000 -1000
1000 -1000
1000 -1000
1000 -1000
1000 -1000
1000 -1000
1000 -1000
1000 -1000
1000 -1000
1000 -1000
1000 -1000
1000 -1000
1000 -1000
1000 -1000
1000 -1000
1000 -1000
1000 -1000
1000 -1000
1000 -1000
1000 -1000
1000 -1000
1000 -1000
1000 -1000
1000 -1000
1000 -1000
1000 -1000
1000 -1000
1000 -1000
1000 -1000
1000 -1000
1000 -1000
1000 -1000
1000 -1000
1000 -1000
1000 -1000
1000 -1000
1000 -1000
1000 -1000
1000 -1000
1000 -1000
1000 -1000
1000 -1000
1000 -1000
1000 -1000
1000 -1000
1000 -1000
1000 -1000
1000 -1000
1000 -1000
1000 -1000
1000 -1000
1000 -1000
1000 -1000
1000 -1000
1000 -1000
1000 -1000
1000 -1000
1000 -1000
1000 -1000
1000 -1000
1000 -1000
1000 -1000
1000 -1000
1000 -1000
1000 -1000
1000 -1000
1000 -1000
1000 -1000
1000 -1000
1000 -1000
1000 -1000
1000 -1000
1000 -1000
1000 -1000
1000 -1000
1000 -1000
1000 -1000
1000 -1000
1000 -1000
1000 -1000
1000 -1000
1000 -1000
1000 -1000
1000 -1000
1000 -1000
1000 -1000
1000 -1000
1000 -1000
1000 -1000
1000 -1000
1000 -1000
1000 -1000
1000 -1000
1000 -1000
1000 -1000
1000 -1000
1000 -1000
1000 -1000
1000 -1000
1000 -1000
1000 -1000
1000 -1000
1000 -1000
1000 -1000
1000 -1000
1000 -1000
1000 -1000
1000 -1000
1000 -1000
1000 -1000
1000 -1000
1000 -1000
1000 -1000
1000 -1000
1000 -1000
1000 -1000
1000 -1000
1000 -1000
1000 -1000
1000 -1000
1000 -1000
1000 -1000
1000 -1000
1000 -1000
1000 -1000
1000 -1000
1000 -1000
1000 -1000
1000 -1000
1 1000000
1 1000
68 213437
121 251
678 -919
864 -19
686 929
221 -727
207 -78
169 960
730 592
998 163
728 -248
164 -332
265 898
958 -943
151 -741
252 -68
532 -911
345 105
872 640
694 99
228 564
775 -586
695 -647
210 -897
488 553
198 838
657 -763
772 19
87 662
121 648
767 -106
130 395
566 -183
90 866
273 -568
896 -766
787 -457
675 354
7 521
190 -202
945 -719
47 992
115 -832
628 331
418 742
485 71
654 714
302 700
457 217
134 -533
930 1000
925 -690
333 729
994 931
63 980
116 -39
202 976
411 -856
227 -326
241 812
95 -634
603 -115
774 259
660 457
692 185
544 319
155 -826
586 470
492 298
770 921161
391 785
963 768
968 97
708 890
232 319
603 695
648 282
669 265
855 131
873 173
743 479
204 297
524 748
340 671
275 57
229 689
429 909
366 162
813 144
701 33
196 521
518 279
763 442
865 582
315 259
579 583
878 408
73 297
123 784
794 54
120 474
142 753
538 946
681 442
235 457
746 187
576 614
283 39
139 234
700 205
506 524
84 874
6 686
140 648
509 901
536 207
794 134
159 779
954 953
947 758
305 305
146 557
192 252
880 173
973 947
417 945
74 928
3 907
663 944
744 662
478 741
939 492
472 686
202 192
97 259
955 350
105 77
342 791
247 132
847 420
794 848
971 266
678 965
570 572
684 204
473 443
548 587
704 85
989 403
822 278
307 839
335 995
583 600
943 478
247 335
327 62
250 657
409 533
171 62
284 9
320 163
220 351
920 858
66 341
783 141
663 161
220 469
943 762
47 852
946 14
971 265
357 554
315 791
585 147
90 489
428 51
972 802
966 715
22 533
531 629
57 287
853 683
917 178
940 255
302 271
494 294
764 612
139 887
700 361
583 526
389 511
725 507
840 308
595 589
545 718
586 55
858 496
295 961
268 354
746 642
16 129
759 85
422 152
58 226
893 622
385 513
20 441
860 457
276 299
40 794
785 588
58 813
771 537
45 906
24 941
854 871
167 843
621 908
10 947
508 534
520 1000
403 961
272 817
131 22
651 238
361 907
984 767
719 353
740 664
48 161
882 482
192 251
492 418
609 526
734 223
595 400
22 108
959 941
65 994
616 96
156 622
43 162
591 963
793 168
901 282
950 591
697 914
677 874
149 54
991 664
695 789
480 614
437 115
342 290
982 61
305 421
124 976
692 295
303 843
771 601
466 583
87 913
918 47
115 177
850 414
307 332
521 920
780 26
767 442
495 292
556 48
282 909
636 43
489 95
949 657
513 565
54 681
407 517
511 280
100 650
781 110
368 624
89 430
724 865
213 154
915 601
779 305
347 411
314 306
18 350
683 604
590 560
98 866
146 776
365 859
101 857
263 61
708 676
151 778
495 347
239 938
949 455
722 831
885 406
12 5
542 578
448 785
397 960
8 397
716 329
771 720
860 454
326 227
91 412
157 945
477 743
428 445
5 136
184 398
618 872
139 716
258 277
68 496
697 468
863 189
315 166
310 703
693 149
161 989
65 583
280 361
633 98
366 2
92 347
773 943
774 541
123 707
314 387
262 875
540 46
394 846
720 314
336 249
909 382
562 388
883 136
384 340
55 662
730 34
909 995
161 759
466 607
89 324
137 5
980 849
691 33
94 165
796 973
930 1
578 733
354 552
419 965
601 289
641 267
219 995
342 870
422 211
661 107
641 24
187 855
678 446
474 102
707 471
885 301
31 799
81 312
111 991
84 79
198 987
874 622
842 796
360 965
435 697
988 73
223 379
151 885
260 225
299 75
379 538
696 705
149 251
174 866
917 579
846 898
767 638
729 511
402 956
57 636
219 900
253 353
491 498
477 455
585 484
428 764
768 115
32 329
404 101
165 360
204 248
397 38
908 111
695 218
697 213
245 344
15 252
456 443
150 502
899 632
170 980
391 877
694 592
558 789
401 858
659 237
689 973
265 909
790 959
252 321
640 852
9 797
372 654
782 691
570 972
349 564
541 620
217 289
4 130
903 470
556 698
299 858
365 213
845 131
308 607
669 224
521 853
186 882
398 663
600 742
277 922
797 626
44 215
257 61
496 416
928 656
232 819
938 728
170 394
970 503
846 172
592 584
807 141
66 879
82 558
845 108
528 1000
764 74
303 614
584 144
869 835
523 602
406 821
499 976
618 453
767 796
624 755
252 433
285 123
679 924
175 391
632 359
707 529
666 533
8 595
791 964
64 203
796 99
487 618
628 719
175 777
894 396
176 774
687 614
875 157
479 802
629 840
49 587
693 894
196 478
660 214
650 759
543 215
151 25
11 253
357 70
955 485
609 239
97 626
413 435
114 574
496 505
325 813
793 559
3 662
172 905
375 542
529 929
500 837
332 382
804 530
157 416
953 527
758 582
501 971
504 350
32 821
26 485
490 782
560 884
266 860
526 391
188 477
968 823
498 643
554 571
998 586
227 13
957 825
954 718
117 90
435 184
223 852
904 217
936 451
770 210
328 264
574 686
861 937
70 406
93 587
468 904
768 763
487 560
905 654
304 806
455 299
761 471
207 622
307 797
74 479
261 992
591 518
755 754
903 484
32 964
363 759
34 492
475 685
914 800
567 69
900 101
849 837
947 454
379 740
628 45
947 877
189 955
807 235
738 122
409 232
351 422
939 95
978 46
467 178
606 55
251 579
759 68
142 268
561 602
862 493
749 100
644 599
49 173
3 636
911 879
7 540
691 979
538 400
558 163
951 958
955 118
258 831
522 491
201 936
872 813
703 472
802 673
974 600
623 503
339 290
243 834
913 682
651 779
32 265
260 535
98 141
542 76
659 192
322 658
693 581
194 74
344 497
399 620
13 943
498 344
2 111
249 185
453 719
636 273
834 416
952 816
577 123
297 717
945 617
106 220
974 76
245 526
565 595
865 585
15 342
498 572
327 226
941 550
393 458
371 520
577 25
231 883
849 660
653 574
453 857
597 960
389 455
912 806
615 640
213 536
499 32
92 326
76 235
243 97
213 204
471 6
579 286
95 79
468 392
373 9
99 938
252 643
361 957
897 551
303 34
79 438
58 547
482 703
103 848
165 180
248 704
467 663
812 12
682 62
497 517
192 654
534 651
858 104
393 589
985 356
213 767
819 726
814 980
338 254
455 746
1000 668
821 398
728 625
482 389
72 4
927 410
989 669
234 30
809 560
734 415
374 73
693 377
730 149
113 573
999 980
710 928
18 342
414 403
384 441
893 787
162 215
146 125
904 746
655 313
462 893
652 126
601 431
826 968
530 610
470 6
272 421
993 232
476 706
773 337
878 444
225 98
373 219
505 82
110 250
741 28
626 740
964 257
749 447
833 681
663 1
280 993
24 540
38 825
365 841
960 312
761 874
980 235
692 484
744 899
53 799
964 723
147 511
236 950
321 528
439 741
511 128
926 184
136 489
119 554
542 969
25 22
605 697
609 585
892 637
427 681
405 367
367 142
175 336
848 198
467 84
518 303
146 727
557 364
699 548
17 440
533 436
856 780
986 69
885 138
706 656
187 314
438 187
648 242
232 891
729 55
789 567
604 719
236 300
856 263
257 629
485 493
48 308
666 893
342 16
565 595
853 161
383 682
684 293
151 688
327 640
182 927
85 512
319 348
386 328
15 407
75 999
882 53
643 493
397 378
864 137
847 535
932 124
558 308
263 723
738 132
753 962
110 340
2 990
590 416
993 770
884 289
432 680
175 591
925 822
35 215
233 386
208 418
314 262
609 848
218 804
380 406
23 380
397 64
508 73
972 788
772 213
317 169
356 180
677 176
791 839
647 737
37 343
845 987
491 131
165 838
374 102
743 309408
1000 1
1000 1000
1000 1
1000 1000
1000 1
1000 1000
1000 1
1000 1000
1000 1
1000 1000
1000 1
1000 1000
1000 1
1000 1000
1000 1
1000 1000
1000 1
1000 1000
1000 1
1000 1000
1000 1
1000 1000
1000 1
1000 1000
1000 1
1000 1000
1000 1
1000 1000
1000 1
1000 1000
1000 1
1000 1000
1000 1
1000 1000
1000 1
1000 1000
1000 1
1000 1000
1000 1
1000 1000
1000 1
1000 1000
1000 1
1000 1000
1000 1
1000 1000
1000 1
1000 1000
1000 1
1000 1000
1000 1
1000 1000
1000 1
1000 1000
1000 1
1000 1000
1000 1
1000 1000
1000 1
1000 1000
1000 1
1000 1000
1000 1
1000 1000
1000 1
1000 1000
1000 1
1000 1000
1000 1
1000 1000
1000 1
1000 1000
1000 1
1000 1000
1000 1
1000 1000
1000 1
1000 1000
1000 1
1000 1000
1000 1
1000 1000
1000 1
1000 1000
1000 1
1000 1000
1000 1
1000 1000
1000 1
1000 1000
1000 1
1000 1000
1000 1
1000 1000
1000 1
1000 1000
1000 1
1000 1000
1000 1
1000 1000
1000 1
1000 1000
1000 1
1000 1000
1000 1
1000 1000
1000 1
1000 1000
1000 1
1000 1000
1000 1
1000 1000
1000 1
1000 1000
1000 1
1000 1000
1000 1
1000 1000
1000 1
1000 1000
1000 1
1000 1000
1000 1
1000 1000
1000 1
1000 1000
1000 1
1000 1000
1000 1
1000 1000
1000 1
1000 1000
1000 1
1000 1000
1000 1
1000 1000
1000 1
1000 1000
1000 1
1000 1000
1000 1
1000 1000
1000 1
1000 1000
1000 1
1000 1000
1000 1
1000 1000
1000 1
1000 1000
1000 1
1000 1000
1000 1
1000 1000
1000 1
1000 1000
1000 1
1000 1000
1000 1
1000 1000
1000 1
1000 1000
1000 1
1000 1000
1000 1
1000 1000
1000 1
1000 1000
1000 1
1000 1000
1000 1
1000 1000
1000 1
1000 1000
1000 1
1000 1000
1000 1
1000 1000
1000 1
1000 1000
1000 1
1000 1000
1000 1
1000 1000
1000 1
1000 1000
1000 1
1000 1000
1000 1
1000 1000
1000 1
1000 1000
1000 1
1000 1000
1000 1
1000 1000
1000 1
1000 1000
1000 1
1000 1000
1000 1
1000 1000
1000 1
1000 1000
1000 1
1000 1000
1000 1
1000 1000
1000 1
1000 1000
1000 1
1000 1000
1000 1
1000 1000
1000 1
1000 1000
1000 1
1000 1000
1000 1
1000 1000
1000 1
1000 1000
1000 1
1000 1000
1000 1
1000 1000
1000 1
1000 1000
1000 1
1000 1000
1000 1
1000 1000
1000 1
1000 1000
1000 1
1000 1000
1000 1
1000 1000
1000 1
1000 1000
1000 1
1000 1000
1000 1
1000 1000
1000 1
1000 1000
1000 1
1000 1000
1000 1
1000 1000
1000 1
1000 1000
1000 1
1000 1000
1000 1
1000 1000
1000 1
1000 1000
1000 1
1000 1000
1000 1
1000 1000
1000 1
1000 1000
1000 1
1000 1000
1000 1
1000 1000
1000 1
1000 1000
1000 1
1000 1000
1000 1
1000 1000
1000 1
1000 1000
1000 1
1000 1000
1000 1
1000 1000
1000 1
1000 1000
1000 1
1000 1000
1000 1
1000 1000
1000 1
1000 1000
1000 1
1000 1000
1000 1
1000 1000
1000 1
1000 1000
1000 1
1000 1000
1000 1
1000 1000
1000 1
1000 1000
1000 1
1000 1000
1000 1
1000 1000
1000 1
1000 1000
1000 1
1000 1000
1000 1
1000 1000
1000 1
1000 1000
1000 1
1000 1000
1000 1
1000 1000
1000 1
1000 1000
1000 1
1000 1000
1000 1
1000 1000
1000 1
1000 1000
1000 1
1000 1000
1000 1
1000 1000
1000 1
1000 1000
1000 1
1000 1000
1000 1
1000 1000
1000 1
1000 1000
1000 1
1000 1000
1000 1
1000 1000
1000 1
1000 1000
1000 1
1000 1000
1000 1
1000 1000
1000 1
1000 1000
1000 1
1000 1000
1000 1
1000 1000
1000 1
1000 1000
1000 1
1000 1000
1000 1
1000 1000
1000 1
1000 1000
1000 1
1000 1000
1000 1
1000 1000
1000 1
1000 1000
1000 1
1000 1000
1000 1
1000 1000
1000 1
1000 1000
1000 1
1000 1000
1000 1
1000 1000
1000 1
1000 1000
1000 1
1000 1000
1000 1
1000 1000
1000 1
1000 1000
1000 1
1000 1000
1000 1
1000 1000
1000 1
1000 1000
1000 1
1000 1000
1000 1
1000 1000
1000 1
1000 1000
1000 1
1000 1000
1000 1
1000 1000
1000 1
1000 1000
1000 1
1000 1000
1000 1
1000 1000
1000 1
1000 1000
1000 1
1000 1000
1000 1
1000 1000
1000 1
1000 1000
1000 1
1000 1000
1000 1
1000 1000
1000 1
1000 1000
1000 1
1000 1000
1000 1
1000 1000
1000 1
1000 1000
1000 1
1000 1000
1000 1
1000 1000
1000 1
1000 1000
1000 1
1000 1000
1000 1
1000 1000
1000 1
1000 1000
1000 1
1000 1000
1000 1
1000 1000
1000 1
1000 1000
1000 1
1000 1000
1000 1
1000 1000
1000 1
1000 1000
1000 1
1000 1000
1000 1
1000 1000
1000 1
1000 1000
1000 1
1000 1000
1000 1
1000 1000
1000 1
1000 1000
1000 1
1000 1000
1000 1
1000 1000
1000 1
1000 1000
1000 1
1000 1000
1000 1
1000 1000
1000 1
1000 1000
1000 1
1000 1000
1000 1
1000 1000
1000 1
1000 1000
1000 1
1000 1000
1000 1
1000 1000
1000 1
1000 1000
1000 1
1000 1000
1000 1
1000 1000
1000 1
1000 1000
1000 1
1000 1000
1000 1
1000 1000
1000 1
1000 1000
1000 1
1000 1000
1000 1
1000 1000
1000 1
1000 1000
1000 1
1000 1000
1000 1
1000 1000
1000 1
1000 1000
1000 1
1000 1000
1000 1
1000 1000
1000 1
1000 1000
1000 1
1000 1000
1000 1
1000 1000
1000 1
1000 1000
1000 1
1000 1000
1000 1
1000 1000
1000 1
1000 1000
1000 1
1000 1000
1000 1
1000 1000
1000 1
1000 1000
1000 1
1000 1000
1000 1
1000 1000
1000 1
1000 1000
1000 1
1000 1000
1000 1
1000 1000
1000 1
1000 1000
1000 1
1000 1000
1000 1
1000 1000
1000 1
1000 1000
1000 1
1000 1000
1000 1
1000 1000
1000 1
1000 1000
1000 1
1000 1000
1000 1
1000 1000
1000 1
1000 1000
1000 1
1000 1000
1000 1
1000 1000
1000 1
1000 1000
1000 1
1000 1000
1000 1
1000 1000
1000 1
1000 1000
1000 1
1000 1000
1000 1
1000 1000
1000 1
1000 1000
1000 1
1000 1000
1000 1
1000 1000
1000 1
1000 1000
1000 1
1000 1000
1000 1
1000 1000
1000 1
1000 1000
1000 1
1000 1000
1000 1
1000 1000
1000 1
1000 1000
1000 1
1000 1000
1000 1
1000 1000
1000 1
1000 1000
1000 1
1000 1000
1000 1
1000 1000
1000 1
1000 1000
1000 1
1000 1000
1000 1
1000 1000
1000 1
1000 1000
1000 1
1000 1000
1000 1
1000 1000
1000 1
1000 1000
1000 1
1000 1000
1000 1
1000 1000
1000 1
1000 1000
1000 1
1000 1000
1000 1
1000 1000
1000 1
1000 1000
1000 1
1000 1000
1000 1
1000 1000
1000 1
1000 1000
1000 1
1000 1000
1000 1
1000 1000
1000 1
1000 1000
1000 1
1000 1000
1000 1
1000 1000
1000 1
1000 1000
1000 1
1000 1000
1000 1
1000 1000
1000 1
1000 1000
1000 1
1000 1000
1000 1
1000 1000
1000 1
1000 1000
1000 1
1000 1000
1000 1
1000 1000
1000 1
1000 1000
1000 1
1000 1000
1000 1
1000 1000
1000 1
1000 1000
1000 1
1000 1000
1000 1
1000 1000
1000 1
1000 1000
1000 1
1000 1000
1000 1
1000 1000
1000 1
1000 1000
1000 1
1000 1000
1000 1
1000 1000
1000 1
1000 1000
1000 1
1000 1000
1000 1
1000 1000
1000 1
1000 1000
1000 1
1000 1000
1000 1
1000 1000
1000 1
1000 1000
1000 1
1000 1000
1000 1
1000 1000
1000 1
1000 1000
1000 1
1000 1000
1000 1
1000 1000
1000 1
1000 1000
1000 1
1000 1000
1000 1
1000 1000
1000 1
1000 1000
1000 1
1000 1000
1000 1
1000 1000
1000 1
1000 1000
1000 1
1000 1000
1000 1
1000 1000
1000 1
1000 1000
1000 1
1000 1000
1000 1
1000 1000
1000 1
387 51137
1 1000
2 999
3 998
4 997
5 996
6 995
7 994
8 993
9 992
10 991
11 990
12 989
13 988
14 987
15 986
16 985
17 984
18 983
19 982
20 981
21 980
22 979
23 978
24 977
25 976
26 975
27 974
28 973
29 972
30 971
31 970
32 969
33 968
34 967
35 966
36 965
37 964
38 963
39 962
40 961
41 960
42 959
43 958
44 957
45 956
46 955
47 954
48 953
49 952
50 951
51 950
52 949
53 948
54 947
55 946
56 945
57 944
58 943
59 942
60 941
61 940
62 939
63 938
64 937
65 936
66 935
67 934
68 933
69 932
70 931
71 930
72 929
73 928
74 927
75 926
76 925
77 924
78 923
79 922
80 921
81 920
82 919
83 918
84 917
85 916
86 915
87 914
88 913
89 912
90 911
91 910
92 909
93 908
94 907
95 906
96 905
97 904
98 903
99 902
100 901
101 900
102 899
103 898
104 897
105 896
106 895
107 894
108 893
109 892
110 891
111 890
112 889
113 888
114 887
115 886
116 885
117 884
118 883
119 882
120 881
121 880
122 879
123 878
124 877
125 876
126 875
127 874
128 873
129 872
130 871
131 870
132 869
133 868
134 867
135 866
136 865
137 864
138 863
139 862
140 861
141 860
142 859
143 858
144 857
145 856
146 855
147 854
148 853
149 852
150 851
151 850
152 849
153 848
154 847
155 846
156 845
157 844
158 843
159 842
160 841
161 840
162 839
163 838
164 837
165 836
166 835
167 834
168 833
169 832
170 831
171 830
172 829
173 828
174 827
175 826
176 825
177 824
178 823
179 822
180 821
181 820
182 819
183 818
184 817
185 816
186 815
187 814
188 813
189 812
190 811
191 810
192 809
193 808
194 807
195 806
196 805
197 804
198 803
199 802
200 801
201 800
202 799
203 798
204 797
205 796
206 795
207 794
208 793
209 792
210 791
211 790
212 789
213 788
214 787
215 786
216 785
217 784
218 783
219 782
220 781
221 780
222 779
223 778
224 777
225 776
226 775
227 774
228 773
229 772
230 771
231 770
232 769
233 768
234 767
235 766
236 765
237 764
238 763
239 762
240 761
241 760
242 759
243 758
244 757
245 756
246 755
247 754
248 753
249 752
250 751
251 750
252 749
253 748
254 747
255 746
256 745
257 744
258 743
259 742
260 741
261 740
262 739
263 738
264 737
265 736
266 735
267 734
268 733
269 732
270 731
271 730
272 729
273 728
274 727
275 726
276 725
277 724
278 723
279 722
280 721
281 720
282 719
283 718
284 717
285 716
286 715
287 714
288 713
289 712
290 711
291 710
292 709
293 708
294 707
295 706
296 705
297 704
298 703
299 702
300 701
301 700
302 699
303 698
304 697
305 696
306 695
307 694
308 693
309 692
310 691
311 690
312 689
313 688
314 687
315 686
316 685
317 684
318 683
319 682
320 681
321 680
322 679
323 678
324 677
325 676
326 675
327 674
328 673
329 672
330 671
331 670
332 669
333 668
334 667
335 666
336 665
337 664
338 663
339 662
340 661
341 660
342 659
343 658
344 657
345 656
346 655
347 654
348 653
349 652
350 651
351 650
352 649
353 648
354 647
355 646
356 645
357 644
358 643
359 642
360 641
361 640
362 639
363 638
364 637
365 636
366 635
367 634
368 633
369 632
370 631
371 630
372 629
373 628
374 627
375 626
376 625
377 624
378 623
379 622
380 621
381 620
382 619
383 618
384 617
385 616
386 615
387 614
880 3
211 -1000
98 -999
8 -998
897 -997
521 -996
567 -995
328 -994
838 -993
992 -992
54 -991
982 -990
83 -989
458 -988
752 -987
780 -986
699 -985
619 -984
228 -983
402 -982
648 -981
768 -980
837 -979
884 -978
743 -977
808 -976
701 -975
666 -974
520 -973
915 -972
285 -971
349 -970
977 -969
23 -968
88 -967
186 -966
942 -965
700 -964
360 -963
165 -962
502 -961
916 -960
901 -959
133 -958
253 -957
822 -956
404 -955
871 -954
785 -953
423 -952
576 -951
198 -950
548 -949
988 -948
645 -947
401 -946
80 -945
600 -944
99 -943
78 -942
394 -941
596 -940
974 -939
659 -938
942 -937
444 -936
286 -935
662 -934
140 -933
369 -932
92 -931
513 -930
263 -929
125 -928
854 -927
59 -926
959 -925
234 -924
717 -923
686 -922
719 -921
1000 -920
470 -919
76 -918
205 -917
20 -916
562 -915
817 -914
304 -913
201 -912
122 -911
86 -910
964 -909
139 -908
201 -907
30 -906
95 -905
344 -904
731 -903
980 -902
146 -901
13 -900
416 -899
204 -898
638 -897
254 -896
729 -895
882 -894
78 -893
91 -892
640 -891
108 -890
228 -889
720 -888
802 -887
797 -886
983 -885
274 -884
270 -883
940 -882
160 -881
245 -880
393 -879
594 -878
254 -877
19 -876
737 -875
49 -874
827 -873
73 -872
111 -871
962 -870
528 -869
363 -868
291 -867
220 -866
673 -865
814 -864
655 -863
969 -862
971 -861
284 -860
728 -859
324 -858
437 -857
710 -856
925 -855
392 -854
67 -853
119 -852
408 -851
771 -850
796 -849
213 -848
518 -847
675 -846
853 -845
43 -844
22 -843
573 -842
654 -841
786 -840
337 -839
889 -838
242 -837
290 -836
992 -835
765 -834
929 -833
420 -832
598 -831
694 -830
461 -829
162 -828
888 -827
269 -826
17 -825
245 -824
822 -823
867 -822
194 -821
335 -820
80 -819
134 -818
14 -817
513 -816
38 -815
332 -814
246 -813
111 -812
255 -811
507 -810
695 -809
339 -808
851 -807
536 -806
895 -805
668 -804
474 -803
589 -802
243 -801
524 -800
384 -799
17 -798
65 -797
728 -796
566 -795
515 -794
787 -793
840 -792
115 -791
71 -790
297 -789
3 -788
898 -787
605 -786
44 -785
160 -784
457 -783
11 -782
766 -781
937 -780
216 -779
690 -778
393 -777
411 -776
176 -775
246 -774
635 -773
956 -772
598 -771
546 -770
791 -769
258 -768
105 -767
900 -766
560 -765
433 -764
309 -763
956 -762
14 -761
932 -760
929 -759
161 -758
212 -757
549 -756
721 -755
244 -754
468 -753
697 -752
230 -751
64 -750
16 -749
7 -748
341 -747
658 -746
284 -745
881 -744
704 -743
658 -742
616 -741
352 -740
857 -739
156 -738
260 -737
531 -736
450 -735
932 -734
670 -733
453 -732
256 -731
135 -730
195 -729
913 -728
193 -727
737 -726
655 -725
340 -724
577 -723
265 -722
254 -721
26 -720
962 -719
82 -718
755 -717
438 -716
510 -715
502 -714
281 -713
852 -712
886 -711
687 -710
1000 -709
666 -708
803 -707
636 -706
887 -705
149 -704
729 -703
378 -702
661 -701
420 -700
299 -699
627 -698
103 -697
253 -696
193 -695
628 -694
729 -693
139 -692
59 -691
915 -690
633 -689
473 -688
578 -687
866 -686
116 -685
663 -684
183 -683
925 -682
546 -681
511 -680
779 -679
660 -678
541 -677
562 -676
88 -675
721 -674
710 -673
14 -672
619 -671
845 -670
843 -669
580 -668
659 -667
970 -666
997 -665
934 -664
58 -663
771 -662
616 -661
794 -660
374 -659
413 -658
389 -657
929 -656
757 -655
723 -654
376 -653
810 -652
328 -651
162 -650
954 -649
108 -648
551 -647
18 -646
994 -645
578 -644
260 -643
238 -642
11 -641
933 -640
604 -639
548 -638
998 -637
377 -636
965 -635
98 -634
147 -633
316 -632
387 -631
178 -630
362 -629
155 -628
246 -627
636 -626
101 -625
28 -624
474 -623
929 -622
280 -621
486 -620
446 -619
962 -618
170 -617
353 -616
92 -615
216 -614
844 -613
54 -612
506 -611
809 -610
370 -609
596 -608
668 -607
261 -606
500 -605
102 -604
465 -603
917 -602
184 -601
111 -600
41 -599
764 -598
865 -597
407 -596
260 -595
353 -594
76 -593
997 -592
80 -591
656 -590
176 -589
919 -588
52 -587
136 -586
81 -585
766 -584
198 -583
602 -582
718 -581
624 -580
379 -579
707 -578
744 -577
475 -576
712 -575
664 -574
426 -573
356 -572
5 -571
287 -570
152 -569
100 -568
408 -567
682 -566
533 -565
150 -564
208 -563
66 -562
350 -561
68 -560
711 -559
416 -558
648 -557
713 -556
531 -555
324 -554
902 -553
656 -552
578 -551
383 -550
900 -549
503 -548
634 -547
319 -546
813 -545
800 -544
278 -543
922 -542
879 -541
85 -540
268 -539
569 -538
64 -537
342 -536
838 -535
351 -534
764 -533
885 -532
2 -531
506 -530
92 -529
8 -528
24 -527
93 -526
67 -525
297 -524
49 -523
854 -522
348 -521
491 -520
869 -519
126 -518
446 -517
635 -516
968 -515
453 -514
316 -513
629 -512
608 -511
10 -510
299 -509
576 -508
712 -507
867 -506
783 -505
274 -504
129 -503
320 -502
894 -501
683 -500
757 -499
428 -498
593 -497
779 -496
910 -495
16 -494
224 -493
310 -492
17 -491
40 -490
882 -489
463 -488
792 -487
35 -486
142 -485
336 -484
137 -483
304 -482
489 -481
843 -480
714 -479
907 -478
982 -477
30 -476
317 -475
752 -474
1000 -473
671 -472
415 -471
785 -470
766 -469
423 -468
893 -467
691 -466
747 -465
210 -464
297 -463
793 -462
829 -461
636 -460
686 -459
434 -458
72 -457
638 -456
73 -455
243 -454
416 -453
587 -452
389 -451
628 -450
434 -449
180 -448
583 -447
513 -446
257 -445
317 -444
117 -443
897 -442
227 -441
388 -440
549 -439
138 -438
244 -437
325 -436
757 -435
755 -434
443 -433
817 -432
274 -431
268 -430
374 -429
127 -428
444 -427
932 -426
401 -425
334 -424
898 -423
493 -422
342 -421
19 -420
397 -419
661 -418
745 -417
384 -416
831 -415
757 -414
735 -413
883 -412
395 -411
998 -410
643 -409
42 -408
640 -407
570 -406
544 -405
866 -404
806 -403
421 -402
298 -401
162 -400
640 -399
766 -398
82 -397
999 -396
835 -395
341 -394
706 -393
339 -392
347 -391
468 -390
300 -389
599 -388
295 -387
166 -386
64 -385
577 -384
496 -383
313 -382
548 -381
669 -380
808 -379
418 -378
279 -377
755 -376
726 -375
5 -374
960 -373
329 -372
379 -371
992 -370
518 -369
890 -368
293 -367
950 -366
885 -365
557 -364
346 -363
478 -362
819 -361
353 -360
916 -359
975 -358
814 -357
705 -356
609 -355
738 -354
506 -353
317 -352
878 -351
721 -350
306 -349
399 -348
425 -347
53 -346
578 -345
278 -344
280 -343
924 -342
419 -341
841 -340
820 -339
489 -338
682 -337
971 -336
350 -335
138 -334
290 -333
935 -332
316 -331
316 -330
606 -329
58 -328
543 -327
898 -326
894 -325
400 -324
482 -323
767 -322
297 -321
106 -320
709 -319
975 -318
973 -317
758 -316
636 -315
365 -314
828 -313
310 -312
958 -311
338 -310
84 -309
125 -308
536 -307
654 -306
177 -305
414 -304
301 -303
82 -302
452 -301
509 -300
795 -299
656 -298
940 -297
715 -296
863 -295
491 -294
220 -293
495 -292
833 -291
577 -290
389 -289
261 -288
835 -287
607 -286
300 -285
819 -284
964 -283
593 -282
886 -281
187 -280
794 -279
595 -278
970 -277
820 -276
425 -275
498 -274
671 -273
718 -272
563 -271
815 -270
18 -269
881 -268
540 -267
117 -266
947 -265
392 -264
597 -263
683 -262
351 -261
581 -260
138 -259
13 -258
660 -257
694 -256
768 -255
538 -254
147 -253
588 -252
708 -251
911 -250
353 -249
395 -248
378 -247
16 -246
472 -245
321 -244
941 -243
660 -242
173 -241
626 -240
260 -239
358 -238
457 -237
675 -236
395 -235
719 -234
17 -233
8 -232
678 -231
743 -230
342 -229
185 -228
835 -227
751 -226
276 -225
166 -224
77 -223
79 -222
675 -221
916 -220
859 -219
362 -218
960 -217
721 -216
798 -215
368 -214
154 -213
498 -212
132 -211
840 -210
194 -209
193 -208
681 -207
942 -206
494 -205
814 -204
263 -203
324 -202
339 -201
792 -200
254 -199
927 -198
973 -197
950 -196
845 -195
654 -194
455 -193
698 -192
777 -191
884 -190
114 -189
421 -188
46 -187
383 -186
690 -185
533 -184
659 -183
569 -182
839 -181
34 -180
605 -179
143 -178
539 -177
846 -176
537 -175
207 -174
33 -173
267 -172
120 -171
360 -170
645 -169
609 -168
572 -167
587 -166
608 -165
595 -164
498 -163
447 -162
141 -161
206 -160
990 -159
163 -158
72 -157
786 -156
600 -155
963 -154
282 -153
158 -152
834 -151
289 -150
492 -149
62 -148
8 -147
209 -146
300 -145
594 -144
441 -143
606 -142
150 -141
57 -140
162 -139
856 -138
194 -137
271 -136
463 -135
949 -134
839 -133
36 -132
835 -131
571 -130
969 -129
149 -128
637 -127
715 -126
526 -125
389 -124
298 -123
212 -122
960 -121
1 1000000
1 -1000
2 10
7 10
7 10
1000 1
1000 1000
1000 1000
1000 1000
1000 1000
1000 1000
1000 1000
1000 1000
1000 1000
1000 1000
1000 1000
1000 1000
1000 1000
1000 1000
1000 1000
1000 1000
1000 1000
1000 1000
1000 1000
1000 1000
1000 1000
1000 1000
1000 1000
1000 1000
1000 1000
1000 1000
1000 1000
1000 1000
1000 1000
1000 1000
1000 1000
1000 1000
1000 1000
1000 1000
1000 1000
1000 1000
1000 1000
1000 1000
1000 1000
1000 1000
1000 1000
1000 1000
1000 1000
1000 1000
1000 1000
1000 1000
1000 1000
1000 1000
1000 1000
1000 1000
1000 1000
1000 1000
1000 1000
1000 1000
1000 1000
1000 1000
1000 1000
1000 1000
1000 1000
1000 1000
1000 1000
1000 1000
1000 1000
1000 1000
1000 1000
1000 1000
1000 1000
1000 1000
1000 1000
1000 1000
1000 1000
1000 1000
1000 1000
1000 1000
1000 1000
1000 1000
1000 1000
1000 1000
1000 1000
1000 1000
1000 1000
1000 1000
1000 1000
1000 1000
1000 1000
1000 1000
1000 1000
1000 1000
1000 1000
1000 1000
1000 1000
1000 1000
1000 1000
1000 1000
1000 1000
1000 1000
1000 1000
1000 1000
1000 1000
1000 1000
1000 1000
1000 1000
1000 1000
1000 1000
1000 1000
1000 1000
1000 1000
1000 1000
1000 1000
1000 1000
1000 1000
1000 1000
1000 1000
1000 1000
1000 1000
1000 1000
1000 1000
1000 1000
1000 1000
1000 1000
1000 1000
1000 1000
1000 1000
1000 1000
1000 1000
1000 1000
1000 1000
1000 1000
1000 1000
1000 1000
1000 1000
1000 1000
1000 1000
1000 1000
1000 1000
1000 1000
1000 1000
1000 1000
1000 1000
1000 1000
1000 1000
1000 1000
1000 1000
1000 1000
1000 1000
1000 1000
1000 1000
1000 1000
1000 1000
1000 1000
1000 1000
1000 1000
1000 1000
1000 1000
1000 1000
1000 1000
1000 1000
1000 1000
1000 1000
1000 1000
1000 1000
1000 1000
1000 1000
1000 1000
1000 1000
1000 1000
1000 1000
1000 1000
1000 1000
1000 1000
1000 1000
1000 1000
1000 1000
1000 1000
1000 1000
1000 1000
1000 1000
1000 1000
1000 1000
1000 1000
1000 1000
1000 1000
1000 1000
1000 1000
1000 1000
1000 1000
1000 1000
1000 1000
1000 1000
1000 1000
1000 1000
1000 1000
1000 1000
1000 1000
1000 1000
1000 1000
1000 1000
1000 1000
1000 1000
1000 1000
1000 1000
1000 1000
1000 1000
1000 1000
1000 1000
1000 1000
1000 1000
1000 1000
1000 1000
1000 1000
1000 1000
1000 1000
1000 1000
1000 1000
1000 1000
1000 1000
1000 1000
1000 1000
1000 1000
1000 1000
1000 1000
1000 1000
1000 1000
1000 1000
1000 1000
1000 1000
1000 1000
1000 1000
1000 1000
1000 1000
1000 1000
1000 1000
1000 1000
1000 1000
1000 1000
1000 1000
1000 1000
1000 1000
1000 1000
1000 1000
1000 1000
1000 1000
1000 1000
1000 1000
1000 1000
1000 1000
1000 1000
1000 1000
1000 1000
1000 1000
1000 1000
1000 1000
1000 1000
1000 1000
1000 1000
1000 1000
1000 1000
1000 1000
1000 1000
1000 1000
1000 1000
1000 1000
1000 1000
1000 1000
1000 1000
1000 1000
1000 1000
1000 1000
1000 1000
1000 1000
1000 1000
1000 1000
1000 1000
1000 1000
1000 1000
1000 1000
1000 1000
1000 1000
1000 1000
1000 1000
1000 1000
1000 1000
1000 1000
1000 1000
1000 1000
1000 1000
1000 1000
1000 1000
1000 1000
1000 1000
1000 1000
1000 1000
1000 1000
1000 1000
1000 1000
1000 1000
1000 1000
1000 1000
1000 1000
1000 1000
1000 1000
1000 1000
1000 1000
1000 1000
1000 1000
1000 1000
1000 1000
1000 1000
1000 1000
1000 1000
1000 1000
1000 1000
1000 1000
1000 1000
1000 1000
1000 1000
1000 1000
1000 1000
1000 1000
1000 1000
1000 1000
1000 1000
1000 1000
1000 1000
1000 1000
1000 1000
1000 1000
1000 1000
1000 1000
1000 1000
1000 1000
1000 1000
1000 1000
1000 1000
1000 1000
1000 1000
1000 1000
1000 1000
1000 1000
1000 1000
1000 1000
1000 1000
1000 1000
1000 1000
1000 1000
1000 1000
1000 1000
1000 1000
1000 1000
1000 1000
1000 1000
1000 1000
1000 1000
1000 1000
1000 1000
1000 1000
1000 1000
1000 1000
1000 1000
1000 1000
1000 1000
1000 1000
1000 1000
1000 1000
1000 1000
1000 1000
1000 1000
1000 1000
1000 1000
1000 1000
1000 1000
1000 1000
1000 1000
1000 1000
1000 1000
1000 1000
1000 1000
1000 1000
1000 1000
1000 1000
1000 1000
1000 1000
1000 1000
1000 1000
1000 1000
1000 1000
1000 1000
1000 1000
1000 1000
1000 1000
1000 1000
1000 1000
1000 1000
1000 1000
1000 1000
1000 1000
1000 1000
1000 1000
1000 1000
1000 1000
1000 1000
1000 1000
1000 1000
1000 1000
1000 1000
1000 1000
1000 1000
1000 1000
1000 1000
1000 1000
1000 1000
1000 1000
1000 1000
1000 1000
1000 1000
1000 1000
1000 1000
1000 1000
1000 1000
1000 1000
1000 1000
1000 1000
1000 1000
1000 1000
1000 1000
1000 1000
1000 1000
1000 1000
1000 1000
1000 1000
1000 1000
1000 1000
1000 1000
1000 1000
1000 1000
1000 1000
1000 1000
1000 1000
1000 1000
1000 1000
1000 1000
1000 1000
1000 1000
1000 1000
1000 1000
1000 1000
1000 1000
1000 1000
1000 1000
1000 1000
1000 1000
1000 1000
1000 1000
1000 1000
1000 1000
1000 1000
1000 1000
1000 1000
1000 1000
1000 1000
1000 1000
1000 1000
1000 1000
1000 1000
1000 1000
1000 1000
1000 1000
1000 1000
1000 1000
1000 1000
1000 1000
1000 1000
1000 1000
1000 1000
1000 1000
1000 1000
1000 1000
1000 1000
1000 1000
1000 1000
1000 1000
1000 1000
1000 1000
1000 1000
1000 1000
1000 1000
1000 1000
1000 1000
1000 1000
1000 1000
1000 1000
1000 1000
1000 1000
1000 1000
1000 1000
1000 1000
1000 1000
1000 1000
1000 1000
1000 1000
1000 1000
1000 1000
1000 1000
1000 1000
1000 1000
1000 1000
1000 1000
1000 1000
1000 1000
1000 1000
1000 1000
1000 1000
1000 1000
1000 1000
1000 1000
1000 1000
1000 1000
1000 1000
1000 1000
1000 1000
1000 1000
1000 1000
1000 1000
1000 1000
1000 1000
1000 1000
1000 1000
1000 1000
1000 1000
1000 1000
1000 1000
1000 1000
1000 1000
1000 1000
1000 1000
1000 1000
1000 1000
1000 1000
1000 1000
1000 1000
1000 1000
1000 1000
1000 1000
1000 1000
1000 1000
1000 1000
1000 1000
1000 1000
1000 1000
1000 1000
1000 1000
1000 1000
1000 1000
1000 1000
1000 1000
1000 1000
1000 1000
1000 1000
1000 1000
1000 1000
1000 1000
1000 1000
1000 1000
1000 1000
1000 1000
1000 1000
1000 1000
1000 1000
1000 1000
1000 1000
1000 1000
1000 1000
1000 1000
1000 1000
1000 1000
1000 1000
1000 1000
1000 1000
1000 1000
1000 1000
1000 1000
1000 1000
1000 1000
1000 1000
1000 1000
1000 1000
1000 1000
1000 1000
1000 1000
1000 1000
1000 1000
1000 1000
1000 1000
1000 1000
1000 1000
1000 1000
1000 1000
1000 1000
1000 1000
1000 1000
1000 1000
1000 1000
1000 1000
1000 1000
1000 1000
1000 1000
1000 1000
1000 1000
1000 1000
1000 1000
1000 1000
1000 1000
1000 1000
1000 1000
1000 1000
1000 1000
1000 1000
1000 1000
1000 1000
1000 1000
1000 1000
1000 1000
1000 1000
1000 1000
1000 1000
1000 1000
1000 1000
1000 1000
1000 1000
1000 1000
1000 1000
1000 1000
1000 1000
1000 1000
1000 1000
1000 1000
1000 1000
1000 1000
1000 1000
1000 1000
1000 1000
1000 1000
1000 1000
1000 1000
1000 1000
1000 1000
1000 1000
1000 1000
1000 1000
1000 1000
1000 1000
1000 1000
1000 1000
1000 1000
1000 1000
1000 1000
1000 1000
1000 1000
1000 1000
1000 1000
1000 1000
1000 1000
1000 1000
1000 1000
1000 1000
1000 1000
1000 1000
1000 1000
1000 1000
1000 1000
1000 1000
1000 1000
1000 1000
1000 1000
1000 1000
1000 1000
1000 1000
1000 1000
1000 1000
1000 1000
1000 1000
1000 1000
1000 1000
1000 1000
1000 1000
1000 1000
1000 1000
1000 1000
1000 1000
1000 1000
1000 1000
1000 1000
1000 1000
1000 1000
1000 1000
1000 1000
1000 1000
1000 1000
1000 1000
1000 1000
1000 1000
1000 1000
1000 1000
1000 1000
1000 1000
1000 1000
1000 1000
1000 1000
1000 1000
1000 1000
1000 1000
1000 1000
1000 1000
1000 1000
1000 1000
1000 1000
1000 1000
1000 1000
1000 1000
1000 1000
1000 1000
1000 1000
1000 1000
1000 1000
1000 1000
1000 1000
1000 1000
1000 1000
1000 1000
1000 1000
1000 1000
1000 1000
1000 1000
1000 1000
1000 1000
1000 1000
1000 1000
1000 1000
1000 1000
1000 1000
1000 1000
1000 1000
1000 1000
1000 1000
1000 1000
1000 1000
1000 1000
1000 1000
1000 1000
1000 1000
1000 1000
1000 1000
1000 1000
1000 1000
1000 1000
1000 1000
1000 1000
1000 1000
1000 1000
1000 1000
1000 1000
1000 1000
1000 1000
1000 1000
1000 1000
1000 1000
1000 1000
1000 1000
1000 1000
1000 1000
1000 1000
1000 1000
1000 1000
1000 1000
1000 1000
1000 1000
1000 1000
1000 1000
1000 1000
1000 1000
1000 1000
1000 1000
1000 1000
1000 1000
1000 1000
1000 1000
1000 1000
1000 1000
1000 1000
1000 1000
1000 1000
1000 1000
1000 1000
1000 1000
1000 1000
1000 1000
1000 1000
1000 1000
1000 1000
1000 1000
1000 1000
1000 1000
1000 1000
1000 1000
1000 1000
1000 1000
1000 1000
1000 1000
1000 1000
1000 1000
1000 1000
1000 1000
1000 1000
1000 1000
1000 1000
1000 1000
1000 1000
1000 1000
1000 1000
1000 1000
1000 1000
1000 1000
1000 1000
1000 1000
1000 1000
1000 1000
1000 1000
1000 1000
1000 1000
1000 1000
1000 1000
1000 1000
1000 1000
1000 1000
1000 1000
1000 1000
1000 1000
1000 1000
1000 1000
1000 1000
1000 1000
1000 1000
1000 1000
1000 1000
1000 1000
1000 1000
1000 1000
1000 1000
1000 1000
1000 1000
1000 1000
1000 1000
1000 1000
1000 1000
1000 1000
1000 1000
1000 1000
1000 1000
1000 1000
1000 1000
1000 1000
1000 1000
1000 1000
1000 1000
1000 1000
1000 1000
1000 1000
1000 1000
1000 1000
1000 1000
1000 1000
1000 1000
1000 1000
1000 1000
1000 1000
1000 1000
1000 1000
1000 1000
1000 1000
1000 1000
1000 1000
1000 1000
1000 1000
1000 1000
1000 1000
1000 1000
1000 1000
1000 1000
1000 1000
1000 1000
1000 1000
1000 1000
1000 1000
1000 1000
1000 1000
1000 1000
1000 1000
1000 1000
1000 1000
1000 1000
1000 1000
1000 1000
1000 1000
1000 1000
1000 1000
1000 1000
1000 1000
1000 1000
1000 1000
1000 1000
1000 1000
1000 1000
1000 1000
1000 1000
1000 1000
1000 1000
1000 1000
1000 1000
1000 1000
1000 1000
1000 1000
1000 1000
1000 1000
1000 1000
1000 1000
1000 1000
1000 1000
1000 1000
1000 1000
1000 1000
1000 1000
1000 1000
1000 1000
1000 1000
1000 1000
1000 1000
1000 1000
1000 1000
1000 1000
1000 1000
1000 1000
1000 1000
1000 1000
1000 1000
1000 1000
1000 1000
1000 1000
1000 1000
1000 1000
1000 1000
1000 1000
1000 1000
1000 1000
1000 1000
1000 1000
1000 1000
1000 1000
1000 1000
1000 1000
1000 1000
1000 1000
1000 1000
1000 1000
1000 1000
1000 1000
1000 1000
1000 1000
1000 1000
1000 1000
1000 1000
1000 1000
1000 1000
1000 1000
1000 1000
1000 1000
1000 1000
1000 1000
1000 1000
1000 1000
1000 1000
1000 1000
1000 1000
1000 1000
1000 1000
1000 1000
1000 1000
1000 1000
1000 1000
1000 1000
1000 1000
1000 1000
1000 1000
1000 1000
1000 1000
1000 1000
1000 1000
1000 1000
1000 1000
1000 1000
1000 1000
1000 1000